k = 0
[[ 0.  0.  0.  0.]
 [ 0.  0.  0.  0.]
 [ 0.  0.  0.  0.]
 [ 0.  0.  0.  0.]]
k = 1
[[ 0. -1. -1. -1.]
 [-1. -1. -1. -1.]
 [-1. -1. -1. -1.]
 [-1. -1. -1.  0.]]
k = 2
[[ 0.   -1.75 -2.   -2.  ]
 [-1.75 -2.   -2.   -2.  ]
 [-2.   -2.   -2.   -1.75]
 [-2.   -2.   -1.75  0.  ]]
k = 3
[[ 0.     -2.4375 -2.9375 -3.    ]
 [-2.4375 -2.875  -3.     -2.9375]
 [-2.9375 -3.     -2.875  -2.4375]
 [-3.     -2.9375 -2.4375  0.    ]]
k = 4
[[ 0.      -3.0625  -3.84375 -3.96875]
 [-3.0625  -3.71875 -3.90625 -3.84375]
 [-3.84375 -3.90625 -3.71875 -3.0625 ]
 [-3.96875 -3.84375 -3.0625   0.     ]]
k = 5
[[ 0.        -3.65625   -4.6953125 -4.90625  ]
 [-3.65625   -4.484375  -4.78125   -4.6953125]
 [-4.6953125 -4.78125   -4.484375  -3.65625  ]
 [-4.90625   -4.6953125 -3.65625    0.       ]]
k = 6
[[ 0.         -4.20898438 -5.50976562 -5.80078125]
 [-4.20898438 -5.21875    -5.58984375 -5.50976562]
 [-5.50976562 -5.58984375 -5.21875    -4.20898438]
 [-5.80078125 -5.50976562 -4.20898438  0.        ]]
k = 7
[[ 0.         -4.734375   -6.27734375 -6.65527344]
 [-4.734375   -5.89941406 -6.36425781 -6.27734375]
 [-6.27734375 -6.36425781 -5.89941406 -4.734375  ]
 [-6.65527344 -6.27734375 -4.734375    0.        ]]
k = 8
[[ 0.         -5.2277832  -7.0078125  -7.46630859]
 [-5.2277832  -6.54931641 -7.08837891 -7.0078125 ]
 [-7.0078125  -7.08837891 -6.54931641 -5.2277832 ]
 [-7.46630859 -7.0078125  -5.2277832   0.        ]]
k = 9
[[ 0.         -5.69622803 -7.6975708  -8.23706055]
 [-5.69622803 -7.15808105 -7.77856445 -7.6975708 ]
 [-7.6975708  -7.77856445 -7.15808105 -5.69622803]
 [-8.23706055 -7.6975708  -5.69622803  0.        ]]
k = 10
[[ 0.         -6.13796997 -8.35235596 -8.96731567]
 [-6.13796997 -7.73739624 -8.42782593 -8.35235596]
 [-8.35235596 -8.42782593 -7.73739624 -6.13796997]
 [-8.96731567 -8.35235596 -6.13796997  0.        ]]
k = 11
[[ 0.         -6.55693054 -8.97136688 -9.65983582]
 [-6.55693054 -8.28289795 -9.0448761  -8.97136688]
 [-8.97136688 -9.0448761  -8.28289795 -6.55693054]
 [-9.65983582 -8.97136688 -6.55693054  0.        ]]
k = 12
[[  0.          -6.95279884  -9.55825233 -10.31560135]
 [ -6.95279884  -8.80090332  -9.62713242  -9.55825233]
 [ -9.55825233  -9.62713242  -8.80090332  -6.95279884]
 [-10.31560135  -9.55825233  -6.95279884   0.        ]]
k = 13
[[  0.          -7.32798862 -10.11344624 -10.93692684]
 [ -7.32798862  -9.28996563 -10.17957783 -10.11344624]
 [-10.11344624 -10.17957783  -9.28996563  -7.32798862]
 [-10.93692684 -10.11344624  -7.32798862   0.        ]]
k = 14
[[  0.          -7.68285012 -10.63948488 -11.52518654]
 [ -7.68285012  -9.75378323 -10.70170593 -10.63948488]
 [-10.63948488 -10.70170593  -9.75378323  -7.68285012]
 [-11.52518654 -10.63948488  -7.68285012   0.        ]]
k = 15
[[  0.          -8.01902956 -11.13730687 -12.08233571]
 [ -8.01902956 -10.19227803 -11.19663405 -11.13730687]
 [-11.13730687 -11.19663405 -10.19227803  -8.01902956]
 [-12.08233571 -11.13730687  -8.01902956   0.        ]]
k = 16
[[  0.          -8.33715361 -11.60882655 -12.60982129]
 [ -8.33715361 -10.60783181 -11.66479245 -11.60882655]
 [-11.60882655 -11.66479245 -10.60783181  -8.33715361]
 [-12.60982129 -11.60882655  -8.33715361   0.        ]]
k = 17
[[  0.          -8.63845299 -12.05514847 -13.10932392]
 [ -8.63845299 -11.00097303 -12.10832918 -12.05514847]
 [-12.05514847 -12.10832918 -11.00097303  -8.63845299]
 [-13.10932392 -12.05514847  -8.63845299   0.        ]]
k = 18
[[  0.          -8.92364362 -12.47781364 -13.5822362 ]
 [ -8.92364362 -11.37339108 -12.52806075 -12.47781364]
 [-12.47781364 -12.52806075 -11.37339108  -8.92364362]
 [-13.5822362  -12.47781364  -8.92364362   0.        ]]
k = 19
[[  0.          -9.19371209 -12.87793855 -14.03002492]
 [ -9.19371209 -11.72585219 -12.92560236 -12.87793855]
 [-12.87793855 -12.92560236 -11.72585219  -9.19371209]
 [-14.03002492 -12.87793855  -9.19371209   0.        ]]
k = 20
[[  0.          -9.44937571 -13.25681948 -14.45398174]
 [ -9.44937571 -12.05965722 -13.30189537 -13.25681948]
 [-13.25681948 -13.30189537 -12.05965722  -9.44937571]
 [-14.45398174 -13.25681948  -9.44937571   0.        ]]
k = 21
[[  0.          -9.6914631  -13.61551807 -14.85540061]
 [ -9.6914631  -12.37563554 -13.65823835 -13.61551807]
 [-13.61551807 -13.65823835 -12.37563554  -9.6914631 ]
 [-14.85540061 -13.61551807  -9.6914631    0.        ]]
k = 22
[[  0.          -9.92065418 -13.95515503 -15.23545934]
 [ -9.92065418 -12.67485073 -13.99557681 -13.95515503]
 [-13.95515503 -13.99557681 -12.67485073  -9.92065418]
 [-15.23545934 -13.95515503  -9.92065418   0.        ]]
k = 23
[[  0.         -10.13766499 -14.27671134 -15.59530719]
 [-10.13766499 -12.95811549 -14.31500288 -14.27671134]
 [-14.27671134 -14.31500288 -12.95811549 -10.13766499]
 [-15.59530719 -14.27671134 -10.13766499   0.        ]]
k = 24
[[  0.         -10.34312295 -14.5811716  -15.93600926]
 [-10.34312295 -13.22633393 -14.61741342 -14.5811716 ]
 [-14.5811716  -14.61741342 -13.22633393 -10.34312295]
 [-15.93600926 -14.5811716  -10.34312295   0.        ]]
k = 25
[[  0.         -10.53765712 -14.86942931 -16.25859043]
 [-10.53765712 -13.48026819 -14.90375277 -14.86942931]
 [-14.86942931 -14.90375277 -13.48026819 -10.53765712]
 [-16.25859043 -14.86942931 -10.53765712   0.        ]]
k = 26
[[  0.         -10.72183865 -15.14235741 -16.56400987]
 [-10.72183865 -13.72070494 -15.17484875 -15.14235741]
 [-15.14235741 -15.17484875 -13.72070494 -10.72183865]
 [-16.56400987 -15.14235741 -10.72183865   0.        ]]
k = 27
[[  0.         -10.89622525 -15.40076367 -16.85318364]
 [-10.89622525 -13.9483437  -15.43153118 -15.40076367]
 [-15.40076367 -15.43153118 -13.9483437  -10.89622525]
 [-16.85318364 -15.40076367 -10.89622525   0.        ]]
k = 28
[[  0.         -11.06133316 -15.64542593 -17.12697365]
 [-11.06133316 -14.16387821 -15.67455368 -15.64542593]
 [-15.64542593 -15.67455368 -14.16387821 -11.06133316]
 [-17.12697365 -15.64542593 -11.06133316   0.        ]]
k = 29
[[  0.         -11.21765933 -15.87707161 -17.38619979]
 [-11.21765933 -14.36794342 -15.90465207 -15.87707161]
 [-15.87707161 -15.90465207 -14.36794342 -11.21765933]
 [-17.38619979 -15.87707161 -11.21765933   0.        ]]
k = 30
[[  0.         -11.36566859 -16.0963957  -17.6316357 ]
 [-11.36566859 -14.5611557  -16.12250751 -16.0963957 ]
 [-16.0963957  -16.12250751 -14.5611557  -11.36566859]
 [-17.6316357  -16.0963957  -11.36566859   0.        ]]
k = 31
[[  0.         -11.505805   -16.30405188 -17.8640157 ]
 [-11.505805   -14.74408805 -16.3287757  -16.30405188]
 [-16.30405188 -16.3287757  -14.74408805 -11.505805  ]
 [-17.8640157  -16.30405188 -11.505805     0.        ]]
k = 32
[[  0.         -11.63848623 -16.50066207 -18.08403379]
 [-11.63848623 -14.91729035 -16.52406996 -16.50066207]
 [-16.50066207 -16.52406996 -14.91729035 -11.63848623]
 [-18.08403379 -16.50066207 -11.63848623   0.        ]]
k = 33
[[  0.         -11.76410966 -16.68681301 -18.29234793]
 [-11.76410966 -15.0812781  -16.70897621 -16.68681301]
 [-16.68681301 -16.70897621 -15.0812781  -11.76410966]
 [-18.29234793 -16.68681301 -11.76410966   0.        ]]
k = 34
[[  0.         -11.88305019 -16.8630617  -18.48958047]
 [-11.88305019 -15.23654293 -16.88404555 -16.8630617 ]
 [-16.8630617  -16.88404555 -15.23654293 -11.88305019]
 [-18.48958047 -16.8630617  -11.88305019   0.        ]]
k = 35
[[  0.         -11.99566371 -17.02993448 -18.67632109]
 [-11.99566371 -15.38354787 -17.04980232 -17.02993448]
 [-17.02993448 -17.04980232 -15.38354787 -11.99566371]
 [-18.67632109 -17.02993448 -11.99566371   0.        ]]
k = 36
[[  0.         -12.10228652 -17.1879304  -18.85312778]
 [-12.10228652 -15.52273301 -17.20674118 -17.1879304 ]
 [-17.1879304  -17.20674118 -15.52273301 -12.10228652]
 [-18.85312778 -17.1879304  -12.10228652   0.        ]]
k = 37
[[  0.         -12.20323748 -17.33752147 -19.02052909]
 [-12.20323748 -15.65451385 -17.35533171 -17.33752147]
 [-17.33752147 -17.35533171 -15.65451385 -12.20323748]
 [-19.02052909 -17.33752147 -12.20323748   0.        ]]
k = 38
[[  0.         -12.2988182  -17.47915494 -19.17902528]
 [-12.2988182  -15.77928459 -17.49601766 -17.47915494]
 [-17.47915494 -17.49601766 -15.77928459 -12.2988182 ]
 [-19.17902528 -17.47915494 -12.2988182    0.        ]]
k = 39
[[  0.         -12.38931443 -17.61325402 -19.32909011]
 [-12.38931443 -15.89741793 -17.62921977 -17.61325402]
 [-17.61325402 -17.62921977 -15.89741793 -12.38931443]
 [-19.32909011 -17.61325402 -12.38931443   0.        ]]
k = 40
[[  0.         -12.47499659 -17.74021958 -19.47117206]
 [-12.47499659 -16.0092671  -17.75533597 -17.74021958]
 [-17.74021958 -17.75533597 -16.0092671  -12.47499659]
 [-19.47117206 -17.74021958 -12.47499659   0.        ]]
k = 41
[[  0.         -12.55612082 -17.86043105 -19.60569582]
 [-12.55612082 -16.11516628 -17.87474334 -17.86043105]
 [-17.86043105 -17.87474334 -16.11516628 -12.55612082]
 [-19.60569582 -17.86043105 -12.55612082   0.        ]]
k = 42
[[  0.         -12.63292954 -17.97424776 -19.73306344]
 [-12.63292954 -16.21543208 -17.98779867 -17.97424776]
 [-17.97424776 -17.98779867 -16.21543208 -12.63292954]
 [-19.73306344 -17.97424776 -12.63292954   0.        ]]
k = 43
[[  0.         -12.70565234 -18.08200985 -19.8536556 ]
 [-12.70565234 -16.3103641  -18.09483992 -18.08200985]
 [-18.08200985 -18.09483992 -16.3103641  -12.70565234]
 [-19.8536556  -18.08200985 -12.70565234   0.        ]]
k = 44
[[  0.         -12.77450657 -18.18403943 -19.96783272]
 [-12.77450657 -16.40024613 -18.19618698 -18.18403943]
 [-18.18403943 -18.19618698 -16.40024613 -12.77450657]
 [-19.96783272 -18.18403943 -12.77450657   0.        ]]
k = 45
[[  0.         -12.83969803 -18.28064143 -20.07593608]
 [-12.83969803 -16.48534678 -18.29214278 -18.28064143]
 [-18.28064143 -18.29214278 -16.48534678 -12.83969803]
 [-20.07593608 -18.28064143 -12.83969803   0.        ]]
k = 46
[[  0.         -12.90142156 -18.37210458 -20.17828875]
 [-12.90142156 -16.56592041 -18.3829941  -18.37210458]
 [-18.37210458 -18.3829941  -16.56592041 -12.90142156]
 [-20.17828875 -18.37210458 -12.90142156   0.        ]]
k = 47
[[  0.         -12.95986164 -18.45870225 -20.27519666]
 [-12.95986164 -16.64220783 -18.46901249 -18.45870225]
 [-18.45870225 -18.46901249 -16.64220783 -12.95986164]
 [-20.27519666 -18.45870225 -12.95986164   0.        ]]
k = 48
[[  0.         -13.01519293 -18.54069326 -20.36694946]
 [-13.01519293 -16.71443706 -18.55045504 -18.54069326]
 [-18.54069326 -18.55045504 -16.71443706 -13.01519293]
 [-20.36694946 -18.54069326 -13.01519293   0.        ]]
k = 49
[[  0.         -13.06758081 -18.61832267 -20.45382136]
 [-13.06758081 -16.78282398 -18.62756516 -18.61832267]
 [-18.61832267 -18.62756516 -16.78282398 -13.06758081]
 [-20.45382136 -18.61832267 -13.06758081   0.        ]]
k = 50
[[  0.         -13.11718187 -18.6918225  -20.53607201]
 [-13.11718187 -16.84757299 -18.70057333 -18.6918225 ]
 [-18.6918225  -18.70057333 -16.84757299 -13.11718187]
 [-20.53607201 -18.6918225  -13.11718187   0.        ]]
k = 51
[[  0.         -13.16414434 -18.76141243 -20.61394726]
 [-13.16414434 -16.9088776  -18.76969774 -18.76141243]
 [-18.76141243 -18.76969774 -16.9088776  -13.16414434]
 [-20.61394726 -18.76141243 -13.16414434   0.        ]]
k = 52
[[  0.         -13.20860859 -18.82730044 -20.68767984]
 [-13.20860859 -16.96692104 -18.83514501 -18.82730044]
 [-18.82730044 -18.83514501 -16.96692104 -13.20860859]
 [-20.68767984 -18.82730044 -13.20860859   0.        ]]
k = 53
[[  0.         -13.25070752 -18.88968347 -20.75749014]
 [-13.25070752 -17.0218768  -18.89711074 -18.88968347]
 [-18.88968347 -18.89711074 -17.0218768  -13.25070752]
 [-20.75749014 -18.88968347 -13.25070752   0.        ]]
k = 54
[[  0.         -13.29056695 -18.94874797 -20.82358681]
 [-13.29056695 -17.07390913 -18.95578014 -18.94874797]
 [-18.94874797 -18.95578014 -17.07390913 -13.29056695]
 [-20.82358681 -18.94874797 -13.29056695   0.        ]]
k = 55
[[  0.         -13.32830601 -19.00467047 -20.88616739]
 [-13.32830601 -17.12317354 -19.01132855 -19.00467047]
 [-19.00467047 -19.01132855 -17.12317354 -13.32830601]
 [-20.88616739 -19.00467047 -13.32830601   0.        ]]
k = 56
[[  0.         -13.3640375  -19.0576181  -20.94541893]
 [-13.3640375  -17.16981728 -19.063922   -19.0576181 ]
 [-19.0576181  -19.063922   -17.16981728 -13.3640375 ]
 [-20.94541893 -19.0576181  -13.3640375    0.        ]]
k = 57
[[  0.         -13.39786822 -19.10774913 -21.00151852]
 [-13.39786822 -17.21397975 -19.11371769 -19.10774913]
 [-19.10774913 -19.11371769 -17.21397975 -13.39786822]
 [-21.00151852 -19.10774913 -13.39786822   0.        ]]
k = 58
[[  0.         -13.42989928 -19.15521339 -21.05463382]
 [-13.42989928 -17.25579296 -19.16086444 -19.15521339]
 [-19.15521339 -19.16086444 -17.25579296 -13.42989928]
 [-21.05463382 -19.15521339 -13.42989928   0.        ]]
k = 59
[[  0.         -13.46022641 -19.20015273 -21.10492361]
 [-13.46022641 -17.29538186 -19.20550317 -19.20015273]
 [-19.20015273 -19.20550317 -17.29538186 -13.46022641]
 [-21.10492361 -19.20015273 -13.46022641   0.        ]]
k = 60
[[  0.         -13.48894025 -19.24270148 -21.15253817]
 [-13.48894025 -17.33286479 -19.2477673  -19.24270148]
 [-19.24270148 -19.2477673  -17.33286479 -13.48894025]
 [-21.15253817 -19.24270148 -13.48894025   0.        ]]
k = 61
[[  0.         -13.51612663 -19.2829868  -21.19761983]
 [-13.51612663 -17.36835377 -19.28778314 -19.2829868 ]
 [-19.2829868  -19.28778314 -17.36835377 -13.51612663]
 [-21.19761983 -19.2829868  -13.51612663   0.        ]]
k = 62
[[  0.         -13.5418668  -19.3211291  -21.24030331]
 [-13.5418668  -17.40195488 -19.32567029 -19.3211291 ]
 [-19.3211291  -19.32567029 -17.40195488 -13.5418668 ]
 [-21.24030331 -19.3211291  -13.5418668    0.        ]]
k = 63
[[  0.         -13.5662377  -19.35724237 -21.28071621]
 [-13.5662377  -17.43376854 -19.36154199 -19.35724237]
 [-19.35724237 -19.36154199 -17.43376854 -13.5662377 ]
 [-21.28071621 -19.35724237 -13.5662377    0.        ]]
k = 64
[[  0.         -13.58931215 -19.39143457 -21.31897929]
 [-13.58931215 -17.46388984 -19.39550546 -19.39143457]
 [-19.39143457 -19.39550546 -17.46388984 -13.58931215]
 [-21.31897929 -19.39143457 -13.58931215   0.        ]]
k = 65
[[  0.         -13.61115914 -19.42380787 -21.35520693]
 [-13.61115914 -17.49240881 -19.4276622  -19.42380787]
 [-19.42380787 -19.4276622  -17.49240881 -13.61115914]
 [-21.35520693 -19.42380787 -13.61115914   0.        ]]
k = 66
[[  0.         -13.63184395 -19.45445904 -21.3895074 ]
 [-13.63184395 -17.51941067 -19.45810834 -19.45445904]
 [-19.45445904 -19.45810834 -17.51941067 -13.63184395]
 [-21.3895074  -19.45445904 -13.63184395   0.        ]]
k = 67
[[  0.         -13.65142842 -19.48347968 -21.42198322]
 [-13.65142842 -17.54497615 -19.48693485 -19.48347968]
 [-19.48347968 -19.48693485 -17.54497615 -13.65142842]
 [-21.42198322 -19.48347968 -13.65142842   0.        ]]
k = 68
[[  0.         -13.66997106 -19.51095654 -21.45273145]
 [-13.66997106 -17.56918163 -19.51422791 -19.51095654]
 [-19.51095654 -19.51422791 -17.56918163 -13.66997106]
 [-21.45273145 -19.51095654 -13.66997106   0.        ]]
k = 69
[[  0.         -13.68752731 -19.53697174 -21.481844  ]
 [-13.68752731 -17.59209949 -19.54006909 -19.53697174]
 [-19.53697174 -19.54006909 -17.59209949 -13.68752731]
 [-21.481844   -19.53697174 -13.68752731   0.        ]]
k = 70
[[  0.         -13.70414963 -19.56160303 -21.50940787]
 [-13.70414963 -17.6137982  -19.56453561 -19.56160303]
 [-19.56160303 -19.56453561 -17.6137982  -13.70414963]
 [-21.50940787 -19.56160303 -13.70414963   0.        ]]
k = 71
[[  0.         -13.71988772 -19.58492404 -21.53550545]
 [-13.71988772 -17.63434262 -19.58770062 -19.58492404]
 [-19.58492404 -19.58770062 -17.63434262 -13.71988772]
 [-21.53550545 -19.58492404 -13.71988772   0.        ]]
k = 72
[[  0.         -13.73478859 -19.60700446 -21.56021474]
 [-13.73478859 -17.65379417 -19.60963333 -19.60700446]
 [-19.60700446 -19.60963333 -17.65379417 -13.73478859]
 [-21.56021474 -19.60700446 -13.73478859   0.        ]]
k = 73
[[  0.         -13.7488968  -19.62791028 -21.5836096 ]
 [-13.7488968  -17.67221096 -19.63039931 -19.62791028]
 [-19.62791028 -19.63039931 -17.67221096 -13.7488968 ]
 [-21.5836096  -19.62791028 -13.7488968    0.        ]]
k = 74
[[  0.         -13.76225451 -19.647704   -21.60575994]
 [-13.76225451 -17.68964806 -19.65006062 -19.647704  ]
 [-19.647704   -19.65006062 -17.68964806 -13.76225451]
 [-21.60575994 -19.647704   -13.76225451   0.        ]]
k = 75
[[  0.         -13.77490164 -19.66644477 -21.62673197]
 [-13.77490164 -17.70615757 -19.66867603 -19.66644477]
 [-19.66644477 -19.66867603 -17.70615757 -13.77490164]
 [-21.62673197 -19.66644477 -13.77490164   0.        ]]
k = 76
[[  0.         -13.78687599 -19.6841886  -21.64658837]
 [-13.78687599 -17.72178884 -19.68630117 -19.6841886 ]
 [-19.6841886  -19.68630117 -17.72178884 -13.78687599]
 [-21.64658837 -19.6841886  -13.78687599   0.        ]]
k = 77
[[  0.         -13.79821336 -19.70098853 -21.66538849]
 [-13.79821336 -17.73658858 -19.70298872 -19.70098853]
 [-19.70098853 -19.70298872 -17.73658858 -13.79821336]
 [-21.66538849 -19.70098853 -13.79821336   0.        ]]
k = 78
[[  0.         -13.80894762 -19.71689477 -21.68318851]
 [-13.80894762 -17.75060104 -19.71878856 -19.71689477]
 [-19.71689477 -19.71878856 -17.75060104 -13.80894762]
 [-21.68318851 -19.71689477 -13.80894762   0.        ]]
k = 79
[[  0.         -13.81911086 -19.73195486 -21.70004164]
 [-13.81911086 -17.76386809 -19.73374791 -19.73195486]
 [-19.73195486 -19.73374791 -17.76386809 -13.81911086]
 [-21.70004164 -19.73195486 -13.81911086   0.        ]]
k = 80
[[  0.         -13.82873345 -19.74621382 -21.71599825]
 [-13.82873345 -17.77642938 -19.74791148 -19.74621382]
 [-19.74621382 -19.74791148 -17.77642938 -13.82873345]
 [-21.71599825 -19.74621382 -13.82873345   0.        ]]
k = 81
[[  0.         -13.83784416 -19.75971425 -21.73110604]
 [-13.83784416 -17.78832246 -19.7613216  -19.75971425]
 [-19.75971425 -19.7613216  -17.78832246 -13.83784416]
 [-21.73110604 -19.75971425 -13.83784416   0.        ]]
k = 82
[[  0.         -13.84647022 -19.77249651 -21.74541014]
 [-13.84647022 -17.79958288 -19.77401836 -19.77249651]
 [-19.77249651 -19.77401836 -17.79958288 -13.84647022]
 [-21.74541014 -19.77249651 -13.84647022   0.        ]]
k = 83
[[  0.         -13.8546374  -19.78459881 -21.75895333]
 [-13.8546374  -17.81024429 -19.7860397  -19.78459881]
 [-19.78459881 -19.7860397  -17.81024429 -13.8546374 ]
 [-21.75895333 -19.78459881 -13.8546374    0.        ]]
k = 84
[[  0.         -13.86237012 -19.79605731 -21.77177607]
 [-13.86237012 -17.82033855 -19.79742155 -19.79605731]
 [-19.79605731 -19.79742155 -17.82033855 -13.86237012]
 [-21.77177607 -19.79605731 -13.86237012   0.        ]]
k = 85
[[  0.         -13.8696915  -19.80690626 -21.78391669]
 [-13.8696915  -17.82989584 -19.80819793 -19.80690626]
 [-19.80690626 -19.80819793 -17.82989584 -13.8696915 ]
 [-21.78391669 -19.80690626 -13.8696915    0.        ]]
k = 86
[[  0.         -13.8766234  -19.81717809 -21.79541148]
 [-13.8766234  -17.83894471 -19.81840105 -19.81717809]
 [-19.81717809 -19.81840105 -17.83894471 -13.8766234 ]
 [-21.79541148 -19.81717809 -13.8766234    0.        ]]
k = 87
[[  0.         -13.88318655 -19.8269035  -21.80629478]
 [-13.88318655 -17.84751222 -19.8280614  -19.8269035 ]
 [-19.8269035  -19.8280614  -17.84751222 -13.88318655]
 [-21.80629478 -19.8269035  -13.88318655   0.        ]]
k = 88
[[  0.         -13.88940057 -19.83611156 -21.81659914]
 [-13.88940057 -17.85562398 -19.83720786 -19.83611156]
 [-19.83611156 -19.83720786 -17.85562398 -13.88940057]
 [-21.81659914 -19.83611156 -13.88940057   0.        ]]
k = 89
[[  0.         -13.89528403 -19.84482978 -21.82635535]
 [-13.89528403 -17.86330422 -19.84586777 -19.84482978]
 [-19.84482978 -19.84586777 -17.86330422 -13.89528403]
 [-21.82635535 -19.84482978 -13.89528403   0.        ]]
k = 90
[[  0.         -13.90085451 -19.85308423 -21.83559257]
 [-13.90085451 -17.8705759  -19.854067   -19.85308423]
 [-19.85308423 -19.854067   -17.8705759  -13.90085451]
 [-21.83559257 -19.85308423 -13.90085451   0.        ]]
k = 91
[[  0.         -13.90612866 -19.86089958 -21.8443384 ]
 [-13.90612866 -17.87746075 -19.86183007 -19.86089958]
 [-19.86089958 -19.86183007 -17.87746075 -13.90612866]
 [-21.8443384  -19.86089958 -13.90612866   0.        ]]
k = 92
[[  0.         -13.91112225 -19.86829918 -21.85261899]
 [-13.91112225 -17.88397936 -19.86918017 -19.86829918]
 [-19.86829918 -19.86918017 -17.88397936 -13.91112225]
 [-21.85261899 -19.86829918 -13.91112225   0.        ]]
k = 93
[[  0.         -13.9158502  -19.87530514 -21.86045908]
 [-13.9158502  -17.89015121 -19.87613927 -19.87530514]
 [-19.87530514 -19.87613927 -17.89015121 -13.9158502 ]
 [-21.86045908 -19.87530514 -13.9158502    0.        ]]
k = 94
[[  0.         -13.92032664 -19.88193842 -21.86788211]
 [-13.92032664 -17.89599473 -19.88272818 -19.88193842]
 [-19.88193842 -19.88272818 -17.89599473 -13.92032664]
 [-21.86788211 -19.88193842 -13.92032664   0.        ]]
k = 95
[[  0.         -13.92456495 -19.88821884 -21.87491027]
 [-13.92456495 -17.90152741 -19.88896658 -19.88821884]
 [-19.88821884 -19.88896658 -17.90152741 -13.92456495]
 [-21.87491027 -19.88821884 -13.92456495   0.        ]]
k = 96
[[  0.         -13.9285778  -19.89416516 -21.88156455]
 [-13.9285778  -17.90676576 -19.89487312 -19.89416516]
 [-19.89416516 -19.89487312 -17.90676576 -13.9285778 ]
 [-21.88156455 -19.89416516 -13.9285778    0.        ]]
k = 97
[[  0.         -13.93237718 -19.89979516 -21.88786486]
 [-13.93237718 -17.91172546 -19.90046546 -19.89979516]
 [-19.89979516 -19.90046546 -17.91172546 -13.93237718]
 [-21.88786486 -19.89979516 -13.93237718   0.        ]]
k = 98
[[  0.         -13.93597445 -19.90512566 -21.89383001]
 [-13.93597445 -17.91642132 -19.90576031 -19.90512566]
 [-19.90512566 -19.90576031 -17.91642132 -13.93597445]
 [-21.89383001 -19.90512566 -13.93597445   0.        ]]
k = 99
[[  0.         -13.93938036 -19.91017261 -21.89947784]
 [-13.93938036 -17.92086738 -19.91077349 -19.91017261]
 [-19.91017261 -19.91077349 -17.92086738 -13.93938036]
 [-21.89947784 -19.91017261 -13.93938036   0.        ]]
k = 100
[[  0.         -13.94260509 -19.91495107 -21.90482522]
 [-13.94260509 -17.92507693 -19.91551999 -19.91495107]
 [-19.91495107 -19.91551999 -17.92507693 -13.94260509]
 [-21.90482522 -19.91495107 -13.94260509   0.        ]]
k = 101
[[  0.         -13.94565827 -19.91947534 -21.90988815]
 [-13.94565827 -17.92906254 -19.920014   -19.91947534]
 [-19.91947534 -19.920014   -17.92906254 -13.94565827]
 [-21.90988815 -19.91947534 -13.94565827   0.        ]]
k = 102
[[  0.         -13.94854904 -19.92375894 -21.91468175]
 [-13.94854904 -17.93283614 -19.92426894 -19.92375894]
 [-19.92375894 -19.92426894 -17.93283614 -13.94854904]
 [-21.91468175 -19.92375894 -13.94854904   0.        ]]
k = 103
[[  0.         -13.95128603 -19.92781467 -21.91922034]
 [-13.95128603 -17.93640899 -19.92829754 -19.92781467]
 [-19.92781467 -19.92829754 -17.93640899 -13.95128603]
 [-21.91922034 -19.92781467 -13.95128603   0.        ]]
k = 104
[[  0.         -13.95387742 -19.93165464 -21.9235175 ]
 [-13.95387742 -17.93979178 -19.93211183 -19.93165464]
 [-19.93165464 -19.93211183 -17.93979178 -13.95387742]
 [-21.9235175  -19.93165464 -13.95387742   0.        ]]
k = 105
[[  0.         -13.95633096 -19.93529035 -21.92758607]
 [-13.95633096 -17.94299462 -19.93572321 -19.93529035]
 [-19.93529035 -19.93572321 -17.94299462 -13.95633096]
 [-21.92758607 -19.93529035 -13.95633096   0.        ]]
k = 106
[[  0.         -13.95865398 -19.93873265 -21.93143821]
 [-13.95865398 -17.94602709 -19.93914249 -19.93873265]
 [-19.93873265 -19.93914249 -17.94602709 -13.95865398]
 [-21.93143821 -19.93873265 -13.95865398   0.        ]]
k = 107
[[  0.         -13.96085343 -19.94199183 -21.93508543]
 [-13.96085343 -17.94889824 -19.94237987 -19.94199183]
 [-19.94199183 -19.94237987 -17.94889824 -13.96085343]
 [-21.93508543 -19.94199183 -13.96085343   0.        ]]
k = 108
[[  0.         -13.96293587 -19.94507764 -21.93853863]
 [-13.96293587 -17.95161665 -19.94544503 -19.94507764]
 [-19.94507764 -19.94544503 -17.95161665 -13.96293587]
 [-21.93853863 -19.94507764 -13.96293587   0.        ]]
k = 109
[[  0.         -13.96490754 -19.9479993  -21.94180814]
 [-13.96490754 -17.95419045 -19.94834715 -19.9479993 ]
 [-19.9479993  -19.94834715 -17.95419045 -13.96490754]
 [-21.94180814 -19.9479993  -13.96490754   0.        ]]
k = 110
[[  0.         -13.96677432 -19.95076553 -21.94490372]
 [-13.96677432 -17.95662734 -19.95109487 -19.95076553]
 [-19.95076553 -19.95109487 -17.95662734 -13.96677432]
 [-21.94490372 -19.95076553 -13.96677432   0.        ]]
k = 111
[[  0.         -13.9685418  -19.95338461 -21.94783462]
 [-13.9685418  -17.9589346  -19.95369644 -19.95338461]
 [-19.95338461 -19.95369644 -17.9589346  -13.9685418 ]
 [-21.94783462 -19.95338461 -13.9685418    0.        ]]
k = 112
[[  0.         -13.97021525 -19.95586437 -21.95060962]
 [-13.97021525 -17.96111912 -19.9561596  -19.95586437]
 [-19.95586437 -19.9561596  -17.96111912 -13.97021525]
 [-21.95060962 -19.95586437 -13.97021525   0.        ]]
k = 113
[[  0.         -13.97179968 -19.95821221 -21.95323699]
 [-13.97179968 -17.96318743 -19.95849174 -19.95821221]
 [-19.95821221 -19.95849174 -17.96318743 -13.97179968]
 [-21.95323699 -19.95821221 -13.97179968   0.        ]]
k = 114
[[  0.         -13.97329983 -19.96043516 -21.9557246 ]
 [-13.97329983 -17.96514571 -19.96069982 -19.96043516]
 [-19.96043516 -19.96069982 -17.96514571 -13.97329983]
 [-21.9557246  -19.96043516 -13.97329983   0.        ]]
k = 115
[[  0.         -13.97472018 -19.96253985 -21.95807988]
 [-13.97472018 -17.96699983 -19.96279044 -19.96253985]
 [-19.96253985 -19.96279044 -17.96699983 -13.97472018]
 [-21.95807988 -19.96253985 -13.97472018   0.        ]]
k = 116
[[  0.         -13.97606496 -19.96453259 -21.96030987]
 [-13.97606496 -17.96875531 -19.96476984 -19.96453259]
 [-19.96453259 -19.96476984 -17.96875531 -13.97606496]
 [-21.96030987 -19.96453259 -13.97606496   0.        ]]
k = 117
[[  0.         -13.97733821 -19.96641931 -21.96242123]
 [-13.97733821 -17.9704174  -19.96664395 -19.96641931]
 [-19.96641931 -19.96664395 -17.9704174  -13.97733821]
 [-21.96242123 -19.96641931 -13.97733821   0.        ]]
k = 118
[[  0.         -13.97854373 -19.96820567 -21.96442027]
 [-13.97854373 -17.97199108 -19.96841836 -19.96820567]
 [-19.96820567 -19.96841836 -17.97199108 -13.97854373]
 [-21.96442027 -19.96820567 -13.97854373   0.        ]]
k = 119
[[  0.         -13.97968512 -19.96989701 -21.96631297]
 [-13.97968512 -17.97348104 -19.97009838 -19.96989701]
 [-19.96989701 -19.97009838 -17.97348104 -13.97968512]
 [-21.96631297 -19.96989701 -13.97968512   0.        ]]
k = 120
[[  0.         -13.98076579 -19.97149837 -21.96810499]
 [-13.98076579 -17.97489175 -19.97168903 -19.97149837]
 [-19.97149837 -19.97168903 -17.97489175 -13.98076579]
 [-21.96810499 -19.97149837 -13.98076579   0.        ]]
k = 121
[[  0.         -13.98178898 -19.97301454 -21.96980168]
 [-13.98178898 -17.97622741 -19.97319506 -19.97301454]
 [-19.97301454 -19.97319506 -17.97622741 -13.98178898]
 [-21.96980168 -19.97301454 -13.98178898   0.        ]]
k = 122
[[  0.         -13.98275773 -19.97445007 -21.97140811]
 [-13.98275773 -17.97749202 -19.97462098 -19.97445007]
 [-19.97445007 -19.97462098 -17.97749202 -13.98275773]
 [-21.97140811 -19.97445007 -13.98275773   0.        ]]
k = 123
[[  0.         -13.98367495 -19.97580922 -21.97292909]
 [-13.98367495 -17.97868936 -19.97597104 -19.97580922]
 [-19.97580922 -19.97597104 -17.97868936 -13.98367495]
 [-21.97292909 -19.97580922 -13.98367495   0.        ]]
k = 124
[[  0.         -13.98454338 -19.97709608 -21.97436916]
 [-13.98454338 -17.979823   -19.97724929 -19.97709608]
 [-19.97709608 -19.97724929 -17.979823   -13.98454338]
 [-21.97436916 -19.97709608 -13.98454338   0.        ]]
k = 125
[[  0.         -13.98536561 -19.97831448 -21.97573262]
 [-13.98536561 -17.98089634 -19.97845954 -19.97831448]
 [-19.97831448 -19.97845954 -17.98089634 -13.98536561]
 [-21.97573262 -19.97831448 -13.98536561   0.        ]]
k = 126
[[  0.         -13.98614411 -19.97946806 -21.97702355]
 [-13.98614411 -17.98191258 -19.97960541 -19.97946806]
 [-19.97946806 -19.97960541 -17.98191258 -13.98614411]
 [-21.97702355 -19.97946806 -13.98614411   0.        ]]
k = 127
[[  0.         -13.98688119 -19.98056028 -21.9782458 ]
 [-13.98688119 -17.98287476 -19.98069032 -19.98056028]
 [-19.98056028 -19.98069032 -17.98287476 -13.98688119]
 [-21.9782458  -19.98056028 -13.98688119   0.        ]]
k = 128
[[  0.         -13.98757906 -19.9815944  -21.97940304]
 [-13.98757906 -17.98378575 -19.98171752 -19.9815944 ]
 [-19.9815944  -19.98171752 -17.98378575 -13.98757906]
 [-21.97940304 -19.9815944  -13.98757906   0.        ]]
k = 129
[[  0.         -13.9882398  -19.9825735  -21.98049872]
 [-13.9882398  -17.98464829 -19.98269007 -19.9825735 ]
 [-19.9825735  -19.98269007 -17.98464829 -13.9882398 ]
 [-21.98049872 -19.9825735  -13.9882398    0.        ]]
k = 130
[[  0.         -13.9888654  -19.98350052 -21.98153611]
 [-13.9888654  -17.98546494 -19.98361089 -19.98350052]
 [-19.98350052 -19.98361089 -17.98546494 -13.9888654 ]
 [-21.98153611 -19.98350052 -13.9888654    0.        ]]
k = 131
[[  0.         -13.98945772 -19.98437823 -21.98251832]
 [-13.98945772 -17.98623815 -19.98448273 -19.98437823]
 [-19.98437823 -19.98448273 -17.98623815 -13.98945772]
 [-21.98251832 -19.98437823 -13.98945772   0.        ]]
k = 132
[[  0.         -13.99001852 -19.98520925 -21.98344828]
 [-13.99001852 -17.98697022 -19.98530819 -19.98520925]
 [-19.98520925 -19.98530819 -17.98697022 -13.99001852]
 [-21.98344828 -19.98520925 -13.99001852   0.        ]]
k = 133
[[  0.         -13.9905495  -19.98599606 -21.98432876]
 [-13.9905495  -17.98766336 -19.98608974 -19.98599606]
 [-19.98599606 -19.98608974 -17.98766336 -13.9905495 ]
 [-21.98432876 -19.98599606 -13.9905495    0.        ]]
k = 134
[[  0.         -13.99105223 -19.98674101 -21.98516241]
 [-13.99105223 -17.98831962 -19.98682971 -19.98674101]
 [-19.98674101 -19.98682971 -17.98831962 -13.99105223]
 [-21.98516241 -19.98674101 -13.99105223   0.        ]]
k = 135
[[  0.         -13.99152822 -19.98744634 -21.98595171]
 [-13.99152822 -17.98894097 -19.98753032 -19.98744634]
 [-19.98744634 -19.98753032 -17.98894097 -13.99152822]
 [-21.98595171 -19.98744634 -13.99152822   0.        ]]
k = 136
[[  0.         -13.99197888 -19.98811415 -21.98669903]
 [-13.99197888 -17.98952927 -19.98819365 -19.98811415]
 [-19.98811415 -19.98819365 -17.98952927 -13.99197888]
 [-21.98669903 -19.98811415 -13.99197888   0.        ]]
k = 137
[[  0.         -13.99240557 -19.98874643 -21.98740659]
 [-13.99240557 -17.99008627 -19.98882171 -19.98874643]
 [-19.98874643 -19.98882171 -17.99008627 -13.99240557]
 [-21.98740659 -19.98874643 -13.99240557   0.        ]]
k = 138
[[  0.         -13.99280957 -19.98934507 -21.98807651]
 [-13.99280957 -17.99061364 -19.98941635 -19.98934507]
 [-19.98934507 -19.98941635 -17.99061364 -13.99280957]
 [-21.98807651 -19.98934507 -13.99280957   0.        ]]
k = 139
[[  0.         -13.99319207 -19.98991187 -21.98871079]
 [-13.99319207 -17.99111296 -19.98997936 -19.98991187]
 [-19.98991187 -19.98997936 -17.99111296 -13.99319207]
 [-21.98871079 -19.98991187 -13.99319207   0.        ]]
k = 140
[[  0.         -13.99355423 -19.99044852 -21.98931133]
 [-13.99355423 -17.99158571 -19.99051242 -19.99044852]
 [-19.99044852 -19.99051242 -17.99158571 -13.99355423]
 [-21.98931133 -19.99044852 -13.99355423   0.        ]]
k = 141
[[  0.         -13.99389712 -19.99095662 -21.98987993]
 [-13.99389712 -17.99203332 -19.99101712 -19.99095662]
 [-19.99095662 -19.99101712 -17.99203332 -13.99389712]
 [-21.98987993 -19.99095662 -13.99389712   0.        ]]
k = 142
[[  0.         -13.99422176 -19.9914377  -21.99041828]
 [-13.99422176 -17.99245712 -19.99149497 -19.9914377 ]
 [-19.9914377  -19.99149497 -17.99245712 -13.99422176]
 [-21.99041828 -19.9914377  -13.99422176   0.        ]]
k = 143
[[  0.         -13.99452914 -19.99189318 -21.99092799]
 [-13.99452914 -17.99285837 -19.99194741 -19.99189318]
 [-19.99189318 -19.99194741 -17.99285837 -13.99452914]
 [-21.99092799 -19.99189318 -13.99452914   0.        ]]
k = 144
[[  0.         -13.99482017 -19.99232443 -21.99141058]
 [-13.99482017 -17.99323828 -19.99237577 -19.99232443]
 [-19.99232443 -19.99237577 -17.99323828 -13.99482017]
 [-21.99141058 -19.99232443 -13.99482017   0.        ]]
k = 145
[[  0.         -13.99509572 -19.99273274 -21.9918675 ]
 [-13.99509572 -17.99359797 -19.99278135 -19.99273274]
 [-19.99273274 -19.99278135 -17.99359797 -13.99509572]
 [-21.9918675  -19.99273274 -13.99509572   0.        ]]
k = 146
[[  0.         -13.99535661 -19.99311933 -21.99230012]
 [-13.99535661 -17.99393854 -19.99316536 -19.99311933]
 [-19.99311933 -19.99316536 -17.99393854 -13.99535661]
 [-21.99230012 -19.99311933 -13.99535661   0.        ]]
k = 147
[[  0.         -13.99560362 -19.99348535 -21.99270973]
 [-13.99560362 -17.99426098 -19.99352893 -19.99348535]
 [-19.99348535 -19.99352893 -17.99426098 -13.99560362]
 [-21.99270973 -19.99348535 -13.99560362   0.        ]]
k = 148
[[  0.         -13.99583749 -19.99383191 -21.99309754]
 [-13.99583749 -17.99456627 -19.99387317 -19.99383191]
 [-19.99383191 -19.99387317 -17.99456627 -13.99583749]
 [-21.99309754 -19.99383191 -13.99583749   0.        ]]
k = 149
[[  0.         -13.99605892 -19.99416003 -21.99346472]
 [-13.99605892 -17.99485533 -19.99419909 -19.99416003]
 [-19.99416003 -19.99419909 -17.99485533 -13.99605892]
 [-21.99346472 -19.99416003 -13.99605892   0.        ]]
k = 150
[[  0.         -13.99626857 -19.99447069 -21.99381237]
 [-13.99626857 -17.995129   -19.99450768 -19.99447069]
 [-19.99447069 -19.99450768 -17.995129   -13.99626857]
 [-21.99381237 -19.99447069 -13.99626857   0.        ]]
k = 151
[[  0.         -13.99646707 -19.99476483 -21.99414153]
 [-13.99646707 -17.99538812 -19.99479985 -19.99476483]
 [-19.99476483 -19.99479985 -17.99538812 -13.99646707]
 [-21.99414153 -19.99476483 -13.99646707   0.        ]]
k = 152
[[  0.         -13.996655   -19.99504332 -21.99445318]
 [-13.996655   -17.99563346 -19.99507647 -19.99504332]
 [-19.99504332 -19.99507647 -17.99563346 -13.996655  ]
 [-21.99445318 -19.99504332 -13.996655     0.        ]]
k = 153
[[  0.         -13.99683294 -19.99530699 -21.99474825]
 [-13.99683294 -17.99586574 -19.99533839 -19.99530699]
 [-19.99530699 -19.99533839 -17.99586574 -13.99683294]
 [-21.99474825 -19.99530699 -13.99683294   0.        ]]
k = 154
[[  0.         -13.99700142 -19.99555664 -21.99502762]
 [-13.99700142 -17.99608567 -19.99558637 -19.99555664]
 [-19.99555664 -19.99558637 -17.99608567 -13.99700142]
 [-21.99502762 -19.99555664 -13.99700142   0.        ]]
k = 155
[[  0.         -13.99716093 -19.99579301 -21.99529213]
 [-13.99716093 -17.99629389 -19.99582115 -19.99579301]
 [-19.99579301 -19.99582115 -17.99629389 -13.99716093]
 [-21.99529213 -19.99579301 -13.99716093   0.        ]]
k = 156
[[  0.         -13.99731196 -19.99601681 -21.99554257]
 [-13.99731196 -17.99649104 -19.99604345 -19.99601681]
 [-19.99601681 -19.99604345 -17.99649104 -13.99731196]
 [-21.99554257 -19.99601681 -13.99731196   0.        ]]
k = 157
[[  0.         -13.99745495 -19.9962287  -21.99577969]
 [-13.99745495 -17.99667771 -19.99625393 -19.9962287 ]
 [-19.9962287  -19.99625393 -17.99667771 -13.99745495]
 [-21.99577969 -19.9962287  -13.99745495   0.        ]]
k = 158
[[  0.         -13.99759034 -19.99642932 -21.99600419]
 [-13.99759034 -17.99685444 -19.9964532  -19.99642932]
 [-19.99642932 -19.9964532  -17.99685444 -13.99759034]
 [-21.99600419 -19.99642932 -13.99759034   0.        ]]
k = 159
[[  0.         -13.99771852 -19.99661926 -21.99621676]
 [-13.99771852 -17.99702177 -19.99664188 -19.99661926]
 [-19.99661926 -19.99664188 -17.99702177 -13.99771852]
 [-21.99621676 -19.99661926 -13.99771852   0.        ]]
k = 160
[[  0.         -13.99783989 -19.9967991  -21.99641801]
 [-13.99783989 -17.9971802  -19.99682052 -19.9967991 ]
 [-19.9967991  -19.99682052 -17.9971802  -13.99783989]
 [-21.99641801 -19.9967991  -13.99783989   0.        ]]
k = 161
[[  0.         -13.9979548  -19.99696938 -21.99660856]
 [-13.9979548  -17.9973302  -19.99698965 -19.99696938]
 [-19.99696938 -19.99698965 -17.9973302  -13.9979548 ]
 [-21.99660856 -19.99696938 -13.9979548    0.        ]]
k = 162
[[  0.         -13.9980636  -19.9971306  -21.99678897]
 [-13.9980636  -17.99747223 -19.99714979 -19.9971306 ]
 [-19.9971306  -19.99714979 -17.99747223 -13.9980636 ]
 [-21.99678897 -19.9971306  -13.9980636    0.        ]]
k = 163
[[  0.         -13.9981666  -19.99728324 -21.99695978]
 [-13.9981666  -17.99760669 -19.99730141 -19.99728324]
 [-19.99728324 -19.99730141 -17.99760669 -13.9981666 ]
 [-21.99695978 -19.99728324 -13.9981666    0.        ]]
k = 164
[[  0.         -13.99826413 -19.99742776 -21.99712151]
 [-13.99826413 -17.99773401 -19.99744497 -19.99742776]
 [-19.99742776 -19.99744497 -17.99773401 -13.99826413]
 [-21.99712151 -19.99742776 -13.99826413   0.        ]]
k = 165
[[  0.         -13.99835648 -19.99756459 -21.99727463]
 [-13.99835648 -17.99785455 -19.99758088 -19.99756459]
 [-19.99756459 -19.99758088 -17.99785455 -13.99835648]
 [-21.99727463 -19.99756459 -13.99835648   0.        ]]
k = 166
[[  0.         -13.9984439  -19.99769415 -21.99741961]
 [-13.9984439  -17.99796868 -19.99770957 -19.99769415]
 [-19.99769415 -19.99770957 -17.99796868 -13.9984439 ]
 [-21.99741961 -19.99769415 -13.9984439    0.        ]]
k = 167
[[  0.         -13.99852668 -19.99781681 -21.99755688]
 [-13.99852668 -17.99807674 -19.99783141 -19.99781681]
 [-19.99781681 -19.99783141 -17.99807674 -13.99852668]
 [-21.99755688 -19.99781681 -13.99852668   0.        ]]
k = 168
[[  0.         -13.99860506 -19.99793295 -21.99768684]
 [-13.99860506 -17.99817905 -19.99794677 -19.99793295]
 [-19.99793295 -19.99794677 -17.99817905 -13.99860506]
 [-21.99768684 -19.99793295 -13.99860506   0.        ]]
k = 169
[[  0.         -13.99867926 -19.99804291 -21.9978099 ]
 [-13.99867926 -17.99827592 -19.998056   -19.99804291]
 [-19.99804291 -19.998056   -17.99827592 -13.99867926]
 [-21.9978099  -19.99804291 -13.99867926   0.        ]]
k = 170
[[  0.         -13.99874952 -19.99814702 -21.9979264 ]
 [-13.99874952 -17.99836763 -19.99815941 -19.99814702]
 [-19.99814702 -19.99815941 -17.99836763 -13.99874952]
 [-21.9979264  -19.99814702 -13.99874952   0.        ]]
k = 171
[[  0.         -13.99881604 -19.99824559 -21.99803671]
 [-13.99881604 -17.99845447 -19.99825732 -19.99824559]
 [-19.99824559 -19.99825732 -17.99845447 -13.99881604]
 [-21.99803671 -19.99824559 -13.99881604   0.        ]]
k = 172
[[  0.         -13.99887902 -19.99833891 -21.99814115]
 [-13.99887902 -17.99853668 -19.99835003 -19.99833891]
 [-19.99833891 -19.99835003 -17.99853668 -13.99887902]
 [-21.99814115 -19.99833891 -13.99887902   0.        ]]
k = 173
[[  0.         -13.99893866 -19.99842728 -21.99824003]
 [-13.99893866 -17.99861452 -19.9984378  -19.99842728]
 [-19.99842728 -19.9984378  -17.99861452 -13.99893866]
 [-21.99824003 -19.99842728 -13.99893866   0.        ]]
k = 174
[[  0.         -13.99899511 -19.99851094 -21.99833365]
 [-13.99899511 -17.99868823 -19.9985209  -19.99851094]
 [-19.99851094 -19.9985209  -17.99868823 -13.99899511]
 [-21.99833365 -19.99851094 -13.99899511   0.        ]]
k = 175
[[  0.         -13.99904857 -19.99859015 -21.9984223 ]
 [-13.99904857 -17.99875801 -19.99859958 -19.99859015]
 [-19.99859015 -19.99859958 -17.99875801 -13.99904857]
 [-21.9984223  -19.99859015 -13.99904857   0.        ]]
k = 176
[[  0.         -13.99909918 -19.99866515 -21.99850623]
 [-13.99909918 -17.99882408 -19.99867408 -19.99866515]
 [-19.99866515 -19.99867408 -17.99882408 -13.99909918]
 [-21.99850623 -19.99866515 -13.99909918   0.        ]]
k = 177
[[  0.         -13.9991471  -19.99873616 -21.99858569]
 [-13.9991471  -17.99888663 -19.99874461 -19.99873616]
 [-19.99873616 -19.99874461 -17.99888663 -13.9991471 ]
 [-21.99858569 -19.99873616 -13.9991471    0.        ]]
k = 178
